[[2]]
[[6]]

[[0]]
[[1]]

[]
[[]]

[[]]
[]

[[[]]]
[[[[]]]]

[[[[]]]]
[[[]]]

[[[ 1 ,   1], 1,  [ 1 ]], 9]
[[[ 1 ,   1, 1],  [ 1 ]], 7]

[[[ 1 ,   1, 1],  [ 1 ]], 7]
[[[ 1 ,   1], 1,  [ 1 ]], 9]

[[  1,  [1 ,    1   ]],  7]
[[[ 1 ,  1],  [ 1 ]],  6]

[[[ 1 ,  1],  [ 1 ]],  6]
[[  1,  [1 ,    1   ]],  7]

[[[ 1], [ 1 , 1 ]]   , 7]
[[[ 1 ,   1],  [ 1 ]], 6]

[[[ 1 ,   1],  [ 1 ]], 6]
[[[ 1], [ 1 , 1 ]]   , 7]

[]
[[]]

[]
[]

[[3]]
[[4]]

[[5]]
[[5]]

[[]]
[[[]]]

[[]]
[[]]



